Number of records in current page 50
0179
0473
0447
0448
0449
0450
0451
0460
0461
0462
0463
0464
0465
0466
0467
0468
0471
0476
0477
0581
0582
0043
0042
0041
0040
0039
0027
0037
0044
0278
0336
0551
0369
0289
0277
0302
0326
0385
0419
0560
0276
0566
0275
0593
0308
0286
0553
0398
0320
0314
Is pagination visible true
Number of records in current page 50
0289
0277
0553
0583
0590
0064
0589
0230
0203
0576
0264
0539
0057
0250
0310
0236
0545
0340
0434
0256
0133
0532
0050
0569
0322
0036
0538
0056
0562
0503
0331
0249
0519
0234
0544
0531
0049
0412
0339
0433
0241
0345
0139
0537
0055
0502
0595
0248
0518
0233
Is pagination visible true
Number of records in current page 50
0048
0529
0249
0137
0548
0054
0413
0234
0118
0535
0060
0241
0340
0322
0047
0528
0029
0248
0233
0331
0547
0053
0534
0059
0274
0316
0412
0240
0339
0540
0046
0261
0577
0527
0028
0247
0345
0231
0546
0052
0351
0422
0239
0338
0058
0273
0371
0539
0357
0576
Is pagination visible true
Number of records in current page 50
0569
0290
0054
0245
0060
0538
0265
0133
0562
0503
0047
0519
0029
0237
0544
0026
0172
0355
0243
0354
0242
0227
0353
0226
0352
0225
0280
0219
0223
0279
0034
0356
0251
0073
0079
12345
0085
0072
0078
0084
0071
0077
0083
0069
0076
0082
0068
0075
0081
0067
Is pagination visible true
Number of records in current page 50
0078
0084
0071
0145
0144
0149
0148
0155
0147
0146
0152
0327
0303
0386
0568
0420
0271
0561
0333
0594
0309
0400
0423
0321
0399
0267
0315
0266
0337
0272
0370
0184
0574
0567
0183
0374
0263
0262
0291
0350
0175
123
0178
0143
0010
0003
0151
0009
0002
0150
Is pagination visible true
Number of records in current page 50
0150
0005
0004
0010
0003
0015
0161
0329
0305
0411
0410
0575
0317
0311
0432
0216
0573
0391
0323
0431
0215
0332
0287
0292
0514
0206
0520
0513
0204
0211
0210
0517
0209
0288
0516
0555
0541
0208
0515
0554
0207
0379
0177
0457
0213
0195
0440
0533
0125
0154
Is pagination visible true
Number of records in current page 50
0177
0213
0195
0125
0154
0012
0045
0443
0378
0212
0252
0452
0124
0188
0222
0135
0343
0442
0377
0229
0123
0284
0217
0458
0134
0441
0228
0348
0122
0283
0035
0457
0288
0202
0341
0440
0533
0360
0299
0282
0381
0121
0470
0255
0455
0127
0201
0014
0298
0281
Is pagination visible true
Number of records in current page 50
0121
0222
0597
0362
0403
0496
0483
0489
0270
0407
0424
0493
0268
0365
0480
0372
0499
0486
0492
0570
0388
0563
0428
0404
0258
0472
0474
0475
0504
0505
0506
0507
0508
0509
0510
0511
0512
0578
0490
0349
0426
0342
0361
0408
0347
0269
0366
0494
0481
0373
Is pagination visible true
Number of records in current page 50
0487
0389
0571
0405
0429
0253
0564
0259
0344
0363
0599
0497
0484
0349
0490
0367
0495
0482
0501
0488
0390
0572
0406
0430
0254
0565
0364
0600
0498
0485
0491
0427
0409
0119
0063
0062
0016
0587
0586
0585
0584
0588
0001
0087
0108
0093
0114
0101
0120
0107
Is pagination visible true
Number of records in current page 26
0092
0099
0176
0105
0091
0111
0098
0117
0097
0104
0090
0110
0096
0116
0103
0109
0089
0095
0115
0102
0108
0088
0114
0094
0101
0120
Is pagination visible false
