Number of records in current page 50
0179
0613
0650
0648
0473
0447
0448
0449
0450
0451
0460
0461
0462
0463
0464
0465
0466
0467
0468
0471
0476
0614
0477
0581
0582
0652
0651
0043
0042
0041
0040
0039
0027
0037
0044
0308
0553
0421
0552
0286
0320
0398
0693
0551
0314
0397
0278
0669
0692
0419
Is pagination visible true
Number of records in current page 50
0566
0602
0289
0397
0277
0302
0593
0667
0369
0336
0276
0326
0385
0275
0583
0589
0798
0768
0615
0797
0767
0773
0766
0632
0772
0771
0774
0064
0800
0649
0770
0590
0769
0616
0230
0203
0781
0780
0728
0049
0422
0248
0401
0233
0576
0055
0139
0539
0684
0545
Is pagination visible true
Number of records in current page 50
0425
0580
0054
0530
0285
0387
0549
0238
0413
0060
0536
0714
0290
0245
0047
0612
0542
0720
0579
0029
0265
0053
0529
0548
0237
0257
0059
0535
0392
0046
0133
0375
0028
0264
0719
0402
0250
0052
0528
0547
0310
0236
0673
0256
0058
0534
0610
0699
0422
0577
Is pagination visible true
Number of records in current page 50
0684
0060
0241
0340
0434
0545
0047
0322
0029
0532
0248
0569
0233
0331
0139
0503
0053
0538
0519
0059
0240
0339
0433
0562
0274
0316
0412
0261
0670
0046
0544
0604
0531
0247
0345
0028
0138
0502
0696
0052
0231
0715
0537
0351
0453
0239
0338
0273
0371
0595
Is pagination visible true
Number of records in current page 50
0604
0055
0531
0239
0338
0696
0273
0371
0726
0026
0172
0014
0223
0219
0279
0034
0356
0251
0355
0243
0354
0242
0227
0353
0226
0352
0225
0280
0712
0741
0081
0067
0074
0080
0066
0073
0079
12345
0085
0072
0078
0084
0071
0077
0083
0069
0076
0082
0068
0075
Is pagination visible true
Number of records in current page 50
0148
0155
0147
0146
0152
0145
0144
0149
0723
0784
0796
0783
0782
0737
0785
0736
0671
0266
0370
0272
0337
0568
0303
0327
0386
0271
0561
0603
0423
0695
0333
0594
0668
0694
0309
0400
0399
0420
0321
0267
0315
0291
0350
0574
0567
0184
0374
0707
0263
0601
Is pagination visible true
Number of records in current page 50
0374
0263
0601
0662
0262
0705
0756
0793
0794
0729
0735
0727
0653
0654
0175
123
0178
0143
0009
0002
0008
0722
0007
0006
0151
0005
0150
0004
0010
0003
0015
0161
0287
0292
0305
0329
0575
0411
0683
0410
0682
0317
0432
0573
0311
0431
0605
0216
0391
0611
Is pagination visible true
Number of records in current page 50
0317
0611
0686
0311
0207
0515
0554
0206
0514
0520
0288
0204
0513
0211
0210
0209
0517
0208
0555
0516
0541
0725
0458
0221
0757
0441
0763
0228
0177
0718
0799
0348
0213
0750
0283
0125
0786
0195
0154
0724
0457
0288
0711
0792
0341
0440
0533
0299
0035
0779
Is pagination visible true
Number of records in current page 50
0035
0753
0212
0708
0789
0188
0740
0252
0452
0124
0759
0776
0135
0795
0746
0222
0733
0765
0343
0442
0377
0229
0804
0752
0788
0284
0739
0689
0123
0758
0217
0713
0745
0458
0134
0764
0441
0732
0751
0228
0738
0348
0122
0787
0283
0013
0725
0757
0288
0202
Is pagination visible true
Number of records in current page 50
0134
0343
0442
0713
0228
0377
0745
0764
0283
0732
0751
0738
0288
0122
0787
0458
0725
0757
0202
0299
0441
0763
0282
0348
0718
0799
0750
0121
0786
0255
0457
0724
0570
0698
0268
0407
0428
0563
0703
0365
0597
0372
0496
0676
0483
0659
0388
0489
0258
0606
Is pagination visible true
Number of records in current page 50
0489
0606
0404
0258
0403
0424
0700
0362
0493
0480
0656
0499
0679
0486
0472
0474
0475
0504
0505
0506
0507
0508
0509
0510
0511
0512
0578
0617
0618
0619
0620
0621
0622
0623
0624
0625
0626
0627
0628
0629
0630
0631
0633
0634
0635
0636
0637
0638
0639
0640
Is pagination visible true
Number of records in current page 50
0641
0642
0643
0644
0645
0646
0647
0721
0347
0704
0366
0599
0373
0497
0677
0359
0484
0660
0269
0389
0490
0607
0747
0405
0426
0344
0701
0363
0253
0494
0674
0481
0657
0259
0680
0500
0487
0349
0571
0342
0361
0429
0564
0408
0661
0485
0390
0491
0608
0406
Is pagination visible true
Number of records in current page 50
0658
0681
0409
0430
0572
0706
0565
0367
0498
0485
0600
0390
0491
0661
0427
0406
0254
0608
0364
0730
0063
0119
0062
0731
0742
0744
0743
0016
0586
0585
0584
0588
0587
0001
0095
0111
0098
0117
0088
0104
0094
0110
0116
0103
0087
0093
0109
0115
0102
0108
Is pagination visible true
Number of records in current page 16
0100
0094
0106
0112
0087
0099
0176
0093
0105
0111
0098
0117
0092
0104
0110
0116
Is pagination visible false
