Number of records in current page 50
0179
0473
0447
0448
0449
0450
0451
0460
0461
0462
0463
0464
0465
0466
0467
0468
0471
0476
0477
0043
0042
0041
0040
0039
0027
0037
0044
0336
0369
0289
0277
0302
0326
0385
0276
0553
0275
0421
0552
0308
0551
0286
0320
0398
0419
0314
0397
0278
0064
0230
Is pagination visible true
Number of records in current page 50
0203
0051
0527
0345
0502
0546
0351
0453
0249
0057
0338
0234
0371
0539
0357
0050
0241
0328
0425
0545
0139
0036
0248
0387
0056
0532
0233
0413
0538
0274
0049
0519
0316
0240
0544
0261
0138
0055
0531
0247
0231
0392
0061
0537
0048
0518
0220
0239
0375
0273
Is pagination visible true
Number of records in current page 50
0529
0285
0387
0048
0548
0535
0238
0290
0413
0054
0245
0060
0265
0528
0047
0547
0237
0029
0534
0392
0053
0257
0540
0375
0402
0527
0059
0264
0046
0546
0250
0310
0028
0236
0052
0256
0133
0539
0401
0422
0058
0545
0249
0532
0234
0051
0538
0241
0340
0434
Is pagination visible true
Number of records in current page 50
0026
0172
0251
0355
0243
0354
0242
0227
0034
0353
0226
0219
0352
0225
0280
0223
0279
0356
0069
0076
0082
0068
0075
0081
0067
0074
0080
0066
0073
0079
12345
0085
0072
0078
0084
0071
0077
0083
0148
0155
0147
0146
0152
0145
0144
0149
0386
0271
0423
0333
Is pagination visible true
Number of records in current page 50
0333
0266
0272
0303
0400
0271
0399
0321
0420
0309
0337
0370
0327
0291
0374
0184
0183
0263
0350
0262
0175
123
0178
0143
0003
0009
0002
0008
0007
0151
0006
0150
0005
0004
0010
0015
0161
0292
0305
0391
0323
0332
0311
0216
0329
0411
0432
0215
0410
0431
Is pagination visible true
Number of records in current page 50
0317
0311
0515
0554
0209
0288
0514
0208
0520
0513
0207
0206
0204
0517
0211
0516
0555
0541
0210
0288
0202
0457
0341
0440
0360
0299
0014
0121
0282
0381
0470
0127
0533
0201
0255
0455
0298
0013
0346
0281
0380
0214
0469
0126
0200
0454
0221
0012
0358
0177
Is pagination visible true
Number of records in current page 50
0013
0217
0458
0134
0441
0228
0283
0012
0348
0122
0045
0457
0288
0202
0341
0440
0360
0299
0282
0381
0121
0470
0201
0255
0455
0127
0298
0346
0281
0380
0268
0365
0372
0496
0483
0388
0489
0404
0258
0403
0424
0362
0493
0480
0499
0486
0270
0492
0428
0407
Is pagination visible true
Number of records in current page 50
0472
0474
0475
0504
0505
0506
0507
0508
0509
0510
0511
0512
0405
0426
0269
0344
0363
0494
0481
0500
0487
0349
0253
0342
0361
0259
0408
0429
0347
0366
0373
0497
0359
0484
0389
0490
0364
0495
0482
0501
0488
0254
0430
0409
0367
0498
0485
0390
0491
0406
Is pagination visible true
Number of records in current page 39
0427
0119
0063
0062
0016
0001
0109
0115
0087
0102
0093
0108
0114
0101
0120
0092
0107
0113
0100
0091
0106
0097
0112
0099
0176
0090
0105
0096
0111
0098
0089
0117
0104
0095
0110
0116
0088
0103
0094
Is pagination visible false
