Number of records in current page 50
0179
0473
0447
0448
0449
0450
0451
0460
0461
0462
0463
0464
0465
0466
0467
0468
0471
0476
0477
0581
0582
0043
0042
0041
0040
0039
0027
0037
0044
0286
0553
0398
0320
0552
0314
0421
0397
0278
0551
0369
0336
0289
0277
0302
0326
0385
0419
0560
0276
0566
Is pagination visible true
Number of records in current page 50
0421
0397
0583
0590
0589
0064
0230
0203
0562
0245
0503
0057
0519
0265
0544
0433
0531
0237
0050
0257
0537
0392
0036
0502
0056
0518
0375
0264
0453
0543
0402
0580
0250
0530
0236
0049
0549
0310
0536
0256
0133
0055
0425
0542
0401
0579
0249
0061
0529
0048
Is pagination visible true
Number of records in current page 50
0118
0304
0051
0328
0425
0542
0285
0387
0579
0057
0238
0529
0290
0413
0548
0245
0535
0050
0265
0036
0056
0237
0528
0257
0547
0392
0375
0534
0402
0049
0264
0250
0540
0577
0310
0055
0236
0527
0256
0546
0133
0061
0048
0422
0401
0576
0249
0539
0054
0234
Is pagination visible true
Number of records in current page 50
0245
0402
0058
0577
0265
0540
0527
0546
0237
0257
0051
0401
0422
0026
0172
0353
0242
0227
0352
0226
0034
0225
0280
0356
0223
0279
0355
0219
0251
0354
0243
0077
0083
0069
0076
0082
0068
0075
0081
0067
0074
0080
0066
0073
0079
12345
0085
0072
0078
0084
Is pagination visible true
Number of records in current page 50
0071
0145
0144
0149
0148
0155
0147
0146
0152
0327
0303
0386
0568
0420
0271
0561
0333
0309
0400
0423
0321
0399
0267
0315
0266
0337
0272
0370
0184
0574
0567
0183
0374
0263
0262
0291
0350
0175
123
0178
0143
0010
0003
0151
0009
0002
0150
0008
0007
0006
Is pagination visible true
Number of records in current page 50
0150
0007
0015
0161
0287
0292
0305
0329
0432
0411
0573
0410
0431
0317
0311
0216
0391
0323
0215
0332
0575
0207
0206
0517
0204
0211
0516
0555
0541
0210
0515
0554
0514
0209
0520
0288
0208
0513
0469
0214
0200
0454
0126
0221
0013
0358
0379
0177
0213
0195
Is pagination visible true
Number of records in current page 50
0455
0212
0252
0124
0188
0222
0135
0343
0469
0377
0229
0454
0123
0284
0217
0014
0134
0228
0348
0122
0283
0013
0443
0288
0202
0341
0452
0360
0299
0121
0282
0381
0012
0442
0045
0255
0127
0201
0298
0281
0380
0346
0458
0214
0126
0200
0441
0221
0358
0492
Is pagination visible true
Number of records in current page 50
0407
0428
0270
0365
0372
0496
0483
0268
0388
0489
0404
0424
0362
0403
0493
0258
0480
0499
0486
0492
0570
0472
0474
0475
0504
0505
0506
0507
0508
0509
0510
0511
0512
0578
0347
0366
0373
0497
0359
0484
0269
0389
0490
0405
0426
0344
0363
0253
0494
0481
Is pagination visible true
Number of records in current page 50
0389
0564
0429
0405
0253
0259
0344
0363
0497
0484
0427
0409
0367
0495
0482
0501
0488
0572
0390
0430
0565
0406
0254
0364
0498
0485
0491
0063
0062
0119
0016
0587
0586
0585
0584
0588
0001
0097
0114
0101
0120
0090
0107
0096
0113
0100
0089
0106
0095
0112
Is pagination visible true
Number of records in current page 20
0097
0099
0176
0105
0090
0111
0098
0096
0117
0104
0089
0110
0095
0116
0103
0088
0109
0094
0115
0102
Is pagination visible false
