Number of records in current page 50
0179
0473
0447
0448
0449
0450
0451
0460
0461
0462
0463
0464
0465
0466
0467
0468
0471
0476
0477
0037
0044
0043
0042
0041
0040
0039
0027
0276
0553
0398
0320
0419
0275
0308
0552
0397
0336
0551
0369
0286
0326
0385
0314
0560
0278
0289
0421
0277
0302
0064
Is pagination visible true
Number of records in current page 50
0230
0203
0519
0322
0057
0139
0248
0544
0503
0531
0233
0331
0050
0316
0412
0036
0537
0240
0339
0433
0274
0056
0261
0138
0518
0543
0247
0345
0530
0231
0502
0351
0453
0049
0549
0220
0536
0239
0338
0273
0371
0055
0357
0137
0542
0246
0118
0328
0425
0061
Is pagination visible true
Number of records in current page 50
0290
0245
0059
0046
0265
0528
0547
0028
0237
0052
0534
0257
0392
0540
0058
0375
0264
0527
0402
0546
0250
0236
0051
0310
0256
0057
0539
0401
0133
0422
0545
0249
0234
0050
0532
0036
0241
0340
0434
0056
0538
0519
0322
0248
0544
0531
0503
0139
0233
0331
Is pagination visible true
Number of records in current page 50
0048
0026
0172
0034
0354
0242
0227
0353
0226
0352
0225
0280
0223
0279
0219
0356
0251
0355
0243
0067
0074
0080
0066
0073
0079
12345
0085
0072
0078
0084
0071
0077
0083
0069
0076
0082
0068
0075
0081
0149
0148
0155
0147
0146
0152
0145
0144
0333
0309
0400
Is pagination visible true
Number of records in current page 50
0333
0309
0400
0399
0420
0321
0267
0315
0266
0337
0272
0370
0327
0303
0374
0263
0262
0184
0291
0183
0350
0178
0175
123
0143
0009
0002
0008
0007
0006
0005
0151
0004
0150
0010
0003
0161
0015
0311
0391
0323
0332
0287
0292
0305
0329
0411
0432
0216
0410
Is pagination visible true
Number of records in current page 50
0323
0332
0311
0209
0288
0208
0517
0516
0555
0207
0541
0515
0554
0206
0204
0514
0520
0211
0513
0210
0202
0288
0358
0379
0299
0282
0013
0121
0127
0201
0255
0443
0378
0298
0012
0452
0281
0214
0045
0126
0200
0377
0221
0343
0442
0177
0213
0125
0458
0195
Is pagination visible true
Number of records in current page 50
0012
0441
0217
0228
0045
0134
0283
0348
0533
0457
0288
0122
0341
0440
0202
0360
0299
0282
0381
0470
0121
0255
0455
0298
0127
0201
0346
0281
0380
0469
0035
0454
0372
0496
0483
0388
0489
0404
0258
0424
0362
0403
0493
0480
0499
0486
0270
0492
0428
0407
Is pagination visible true
Number of records in current page 50
0270
0492
0472
0474
0475
0504
0505
0506
0507
0508
0509
0510
0511
0512
0347
0269
0366
0373
0359
0497
0484
0389
0490
0405
0426
0253
0259
0344
0363
0494
0481
0500
0349
0487
0342
0361
0408
0429
0485
0390
0491
0427
0406
0254
0364
0495
0482
0501
0488
0409
Is pagination visible true
Number of records in current page 41
0485
0390
0491
0063
0062
0119
0016
0001
0091
0103
0097
0109
0115
0090
0102
0096
0108
0114
0089
0101
0120
0095
0107
0113
0088
0100
0094
0106
0112
0087
0099
0176
0093
0105
0111
0098
0117
0092
0104
0110
0116
Is pagination visible false
