Number of records in current page 50
0179
0613
0650
0648
0473
0447
0448
0449
0450
0451
0460
0461
0462
0463
0464
0465
0466
0467
0468
0471
0476
0614
0477
0581
0582
0652
0651
0043
0042
0041
0040
0039
0027
0037
0044
0308
0553
0421
0552
0286
0320
0398
0693
0551
0314
0397
0278
0669
0692
0419
Is pagination visible true
Number of records in current page 50
0302
0326
0385
0560
0276
0566
0602
0593
0667
0275
0421
0308
0553
0286
0583
0797
0767
0773
0766
0632
0772
0771
0774
0800
0649
0770
0590
0769
0616
0589
0064
0798
0768
0615
0230
0203
0781
0780
0728
0545
0057
0357
0569
0246
0532
0304
0425
0328
0538
0050
Is pagination visible true
Number of records in current page 50
0328
0425
0580
0054
0530
0285
0387
0549
0238
0413
0060
0536
0714
0290
0245
0047
0612
0542
0720
0579
0029
0265
0053
0529
0548
0237
0257
0059
0535
0392
0046
0133
0375
0028
0264
0719
0402
0250
0052
0528
0547
0310
0236
0673
0256
0058
0534
0610
0699
0422
Is pagination visible true
Number of records in current page 50
0339
0433
0531
0274
0261
0029
0696
0053
0715
0247
0345
0537
0231
0518
0502
0595
0580
0059
0351
0453
0543
0046
0133
0239
0338
0530
0273
0371
0357
0549
0028
0052
0714
0246
0536
0304
0612
0328
0425
0285
0387
0579
0058
0720
0542
0238
0529
0290
0413
0548
Is pagination visible true
Number of records in current page 50
0434
0241
0539
0576
0322
0051
0139
0684
0248
0726
0026
0172
0014
0352
0225
0280
0223
0279
0219
0356
0034
0251
0355
0243
0354
0242
0227
0353
0226
0741
0712
0077
0083
0069
0076
0082
0068
0075
0081
0067
0074
0080
0066
0073
0079
12345
0085
0072
0078
0084
Is pagination visible true
Number of records in current page 50
0078
0146
0152
0145
0144
0149
0148
0155
0147
0782
0737
0785
0736
0723
0784
0796
0783
0266
0695
0272
0370
0594
0337
0668
0303
0694
0327
0386
0271
0423
0333
0309
0671
0400
0399
0321
0420
0568
0267
0561
0315
0603
0350
0707
0184
0601
0662
0183
0374
0705
Is pagination visible true
Number of records in current page 50
0183
0374
0263
0601
0662
0262
0705
0756
0793
0794
0729
0735
0727
0653
0654
0175
123
0178
0143
0009
0002
0008
0722
0007
0006
0151
0005
0150
0004
0010
0003
0015
0161
0287
0292
0305
0329
0575
0411
0683
0410
0682
0317
0432
0573
0311
0431
0605
0216
0391
Is pagination visible true
Number of records in current page 50
0317
0605
0611
0311
0686
0206
0514
0520
0288
0204
0513
0211
0210
0209
0517
0208
0516
0555
0541
0207
0515
0554
0786
0125
0195
0457
0724
0154
0288
0341
0440
0533
0711
0792
0779
0035
0360
0299
0762
0282
0381
0749
0212
0717
0124
0470
0188
0755
0255
0455
Is pagination visible true
Number of records in current page 50
0284
0739
0758
0122
0745
0013
0458
0788
0713
0202
0732
0441
0764
0228
0751
0348
0283
0738
0725
0757
0121
0012
0457
0787
0288
0201
0341
0440
0763
0045
0127
0750
0360
0718
0299
0282
0381
0470
0799
0724
0255
0455
0786
0533
0711
0214
0200
0762
0126
0792
Is pagination visible true
Number of records in current page 50
0746
0378
0733
0765
0121
0012
0252
0452
0752
0201
0739
0689
0045
0127
0788
0758
0222
0713
0343
0442
0745
0377
0764
0229
0732
0214
0751
0284
0200
0738
0126
0787
0493
0656
0480
0679
0499
0486
0270
0672
0492
0570
0698
0407
0428
0563
0597
0703
0268
0365
Is pagination visible true
Number of records in current page 50
0700
0362
0403
0493
0656
0258
0480
0499
0679
0486
0492
0672
0570
0698
0472
0474
0475
0504
0505
0506
0507
0508
0509
0510
0511
0512
0578
0617
0618
0619
0620
0621
0622
0623
0624
0625
0626
0627
0628
0629
0630
0631
0633
0634
0635
0636
0637
0638
0639
0640
Is pagination visible true
Number of records in current page 50
0641
0642
0643
0644
0645
0646
0647
0721
0363
0701
0494
0481
0674
0500
0349
0657
0487
0680
0342
0361
0571
0408
0429
0564
0347
0269
0366
0599
0704
0373
0359
0497
0484
0677
0660
0389
0490
0405
0607
0426
0253
0747
0259
0344
0675
0501
0658
0488
0681
0572
Is pagination visible true
Number of records in current page 50
0658
0681
0409
0430
0572
0706
0565
0367
0498
0485
0600
0390
0491
0661
0427
0406
0254
0608
0364
0730
0063
0119
0062
0731
0742
0744
0743
0016
0586
0585
0584
0588
0587
0001
0095
0111
0098
0117
0088
0104
0094
0110
0116
0103
0087
0093
0109
0115
0102
0108
Is pagination visible true
Number of records in current page 17
0088
0100
0094
0106
0112
0087
0099
0176
0093
0105
0111
0098
0117
0092
0104
0110
0116
Is pagination visible false
