Number of records in current page 50
0179
0613
0650
0648
0473
0447
0448
0449
0450
0451
0460
0461
0462
0463
0464
0465
0466
0467
0468
0471
0476
0614
0477
0581
0582
0652
0651
0039
0027
0037
0044
0043
0042
0041
0040
0552
0421
0308
0551
0286
0669
0398
0320
0419
0560
0566
0314
0602
0397
0278
Is pagination visible true
Number of records in current page 50
0314
0667
0397
0278
0336
0369
0289
0277
0302
0326
0385
0553
0583
0632
0649
0590
0616
0064
0589
0615
0230
0203
0545
0057
0401
0434
0532
0569
0249
0050
0538
0234
0519
0562
0503
0036
0544
0241
0340
0670
0056
0604
0433
0531
0322
0139
0248
0049
0537
0233
Is pagination visible true
Number of records in current page 50
0425
0050
0579
0542
0285
0387
0238
0529
0036
0548
0290
0056
0413
0245
0535
0265
0049
0528
0237
0055
0673
0257
0547
0392
0534
0375
0402
0061
0610
0264
0250
0540
0048
0577
0310
0236
0685
0527
0256
0133
0546
0054
0060
0422
0401
0249
0539
0047
0576
0234
Is pagination visible true
Number of records in current page 50
0531
0036
0056
0265
0537
0502
0595
0220
0518
0237
0453
0543
0049
0137
0257
0580
0392
0375
0684
0530
0118
0402
0549
0055
0264
0250
0536
0310
0425
0236
0061
0542
0048
0256
0579
0026
0172
0034
0242
0227
0353
0226
0352
0225
0280
0223
0279
0356
0251
0355
Is pagination visible true
Number of records in current page 50
0242
0227
0353
0072
0078
0084
0071
0077
0083
0069
0076
0082
0068
0075
0081
0067
0074
0080
0066
0073
0079
12345
0085
0148
0155
0147
0146
0152
0145
0144
0149
0400
0568
0399
0321
0420
0267
0561
0315
0603
0594
0266
0668
0272
0370
0337
0303
0327
0386
0271
Is pagination visible true
Number of records in current page 50
0671
0423
0333
0309
0262
0574
0567
0291
0350
0662
0678
0609
0184
0601
0183
0374
0263
0653
0654
0178
0175
123
0143
0004
0010
0003
0009
0002
0008
0007
0151
0006
0150
0005
0161
0015
0575
0287
0605
0292
0611
0305
0329
0686
0411
0432
0573
0410
0431
0317
Is pagination visible true
Number of records in current page 50
0605
0611
0410
0317
0686
0311
0216
0391
0209
0513
0288
0208
0207
0517
0206
0516
0555
0541
0204
0211
0515
0554
0210
0514
0520
0455
0341
0360
0299
0121
0282
0381
0201
0469
0255
0127
0454
0298
0346
0281
0380
0214
0126
0035
0200
0221
0358
0379
0177
0213
Is pagination visible true
Number of records in current page 50
0458
0134
0441
0228
0348
0122
0283
0457
0288
0202
0533
0341
0440
0360
0014
0299
0121
0282
0381
0470
0255
0455
0127
0201
0013
0298
0281
0380
0346
0469
0214
0126
0200
0454
0221
0358
0012
0659
0483
0388
0489
0606
0404
0258
0403
0424
0362
0493
0480
0656
Is pagination visible true
Number of records in current page 50
0570
0388
0563
0428
0404
0656
0597
0679
0258
0496
0672
0403
0362
0483
0489
0270
0472
0474
0475
0504
0505
0506
0507
0508
0509
0510
0511
0512
0578
0617
0618
0619
0620
0621
0622
0623
0624
0625
0626
0627
0628
0629
0630
0631
0633
0634
0635
0636
0637
0638
Is pagination visible true
Number of records in current page 50
0639
0640
0641
0642
0643
0644
0645
0646
0647
0373
0497
0359
0484
0389
0490
0674
0657
0405
0426
0680
0253
0259
0344
0363
0494
0481
0500
0487
0349
0342
0571
0361
0677
0660
0429
0564
0408
0607
0347
0269
0366
0599
0390
0491
0675
0658
0681
0406
0427
0254
Is pagination visible true
Number of records in current page 50
0254
0675
0495
0482
0658
0501
0681
0488
0572
0409
0430
0565
0600
0367
0498
0063
0062
0119
0016
0588
0587
0586
0585
0584
0001
0091
0103
0097
0109
0115
0090
0102
0096
0108
0114
0089
0101
0120
0095
0107
0113
0088
0100
0094
0106
0112
0087
0099
0176
0093
Is pagination visible true
Number of records in current page 8
0102
0092
0108
0114
0101
0120
0107
0091
Is pagination visible false
