Number of records in current page 50
0179
0613
0650
0648
0473
0447
0448
0449
0450
0451
0460
0461
0462
0463
0464
0465
0466
0467
0468
0471
0476
0614
0477
0581
0582
0652
0651
0041
0040
0039
0027
0037
0044
0043
0042
0276
0602
0566
0593
0275
0669
0308
0553
0286
0667
0398
0320
0421
0552
0314
Is pagination visible true
Number of records in current page 50
0397
0278
0593
0336
0369
0289
0277
0302
0326
0385
0276
0553
0583
0632
0064
0649
0616
0615
0590
0589
0230
0203
0545
0241
0340
0434
0532
0569
0322
0051
0139
0538
0248
0562
0057
0612
0503
0233
0331
0519
0544
0274
0604
0316
0412
0240
0339
0433
0531
0050
Is pagination visible true
Number of records in current page 50
0531
0049
0412
0604
0339
0433
0241
0345
0139
0537
0055
0502
0595
0248
0518
0233
0351
0453
0543
0061
0580
0371
0048
0338
0530
0316
0240
0357
0274
0549
0261
0138
0536
0054
0328
0425
0247
0612
0542
0387
0060
0579
0231
0529
0047
0239
0029
0273
0548
0220
Is pagination visible true
Number of records in current page 50
0579
0273
0371
0357
0137
0529
0054
0548
0246
0118
0304
0535
0328
0425
0285
0387
0060
0238
0047
0290
0029
0528
0413
0053
0547
0245
0673
0265
0534
0610
0059
0577
0046
0540
0237
0026
0172
0355
0243
0354
0242
0227
0353
0226
0352
0225
0280
0034
0223
0279
Is pagination visible true
Number of records in current page 50
0251
0354
0243
0077
0083
0069
0076
0082
0068
0075
0081
0067
0074
0080
0066
0073
0079
12345
0085
0072
0078
0084
0071
0144
0149
0148
0155
0147
0146
0152
0145
0671
0400
0309
0568
0399
0321
0420
0561
0603
0594
0267
0668
0337
0370
0315
0327
0266
0386
0272
Is pagination visible true
Number of records in current page 50
0303
0327
0386
0271
0678
0183
0609
0374
0263
0262
0574
0567
0291
0350
0601
0184
0662
0653
0654
123
0178
0175
0143
0005
0150
0004
0010
0003
0009
0002
0008
0007
0006
0151
0161
0015
0216
0391
0323
0215
0332
0575
0683
0682
0287
0292
0329
0573
0305
0411
Is pagination visible true
Number of records in current page 50
0686
0575
0410
0317
0311
0432
0573
0391
0211
0516
0555
0288
0541
0210
0554
0515
0209
0514
0520
0208
0513
0207
0206
0517
0204
0341
0360
0299
0282
0381
0442
0123
0014
0217
0255
0134
0458
0298
0281
0380
0441
0122
0346
0013
0202
0358
0457
0689
0440
0533
Is pagination visible true
Number of records in current page 50
0458
0134
0441
0228
0348
0122
0283
0457
0288
0202
0533
0341
0440
0360
0014
0299
0121
0282
0381
0470
0255
0455
0127
0201
0013
0298
0281
0380
0346
0469
0214
0126
0200
0454
0221
0358
0012
0659
0483
0388
0489
0606
0404
0258
0403
0424
0362
0493
0480
0656
Is pagination visible true
Number of records in current page 50
0672
0424
0362
0403
0493
0480
0499
0486
0270
0492
0570
0676
0659
0563
0407
0428
0472
0474
0475
0504
0505
0506
0507
0508
0509
0510
0511
0512
0578
0617
0618
0619
0620
0621
0622
0623
0624
0625
0626
0627
0628
0629
0630
0631
0633
0634
0635
0636
0637
0638
Is pagination visible true
Number of records in current page 50
0639
0640
0641
0642
0643
0644
0645
0646
0647
0564
0342
0361
0408
0429
0599
0347
0677
0660
0269
0366
0373
0359
0497
0484
0607
0389
0490
0426
0405
0253
0259
0344
0674
0657
0363
0680
0494
0481
0571
0500
0349
0487
0600
0661
0367
0498
0485
0608
0390
0491
Is pagination visible true
Number of records in current page 50
0658
0501
0681
0488
0572
0409
0430
0565
0600
0367
0498
0485
0661
0390
0491
0119
0063
0062
0016
0588
0587
0586
0585
0584
0001
0101
0092
0120
0107
0113
0100
0091
0106
0097
0112
0099
0176
0090
0105
0096
0111
0098
0117
0089
0104
0095
0110
0088
0116
0103
Is pagination visible true
Number of records in current page 8
0105
0111
0098
0117
0092
0104
0110
0116
Is pagination visible false
